% Particle diameter
d_p = [0.00116; 0.002; 0.003];

% Bulk velocities
U = [0.048; 0.085];

rho_p = 2560; %

rho_f = 1000; 